1 1 536 665 1
1 1 539 689 1
1 1 539 899 2
1 1 542 895 1
1 1 542 898 1
1 1 543 898 1
1 1 548 719 1
1 1 554 735 1
1 1 562 808 1
1 1 570 718 1
1 1 575 701 1
1 1 582 736 1
1 1 585 721 1
1 1 596 670 1
1 1 596 698 1
1 1 596 902 1
1 1 598 786 1
1 1 602 669 2
1 1 602 675 1
1 1 603 670 1
1 1 603 884 1
1 1 605 666 1
1 1 606 718 1
1 1 606 737 1
1 1 607 669 1
1 1 608 666 1
1 1 608 667 1
1 1 608 682 2
1 1 609 689 1
1 1 609 714 1
1 1 609 716 1
1 1 611 672 1
1 1 612 676 1
1 1 612 721 1
1 1 613 677 1
1 1 613 695 2
1 1 615 648 1
1 1 615 686 1
1 1 616 692 2
1 1 620 689 1
1 1 621 647 1
1 1 622 691 1
1 1 623 681 3
1 1 625 700 1
1 1 626 694 2
1 1 627 682 1
1 1 630 651 1
1 1 630 677 1
1 1 630 684 1
1 1 630 689 1
1 1 630 704 2
1 1 632 641 1
1 1 633 641 1
1 1 633 678 1
1 1 633 679 1
1 1 633 680 1
1 1 633 696 1
1 1 634 675 2
1 1 634 679 1
1 1 634 683 1
1 1 636 682 1
1 1 637 691 1
1 1 637 696 1
1 1 637 729 1
1 1 638 685 1
1 1 638 689 1
1 1 639 682 1
1 1 639 686 1
1 1 641 693 1
1 1 642 703 1
1 1 642 724 1
1 1 644 638 1
1 1 644 700 1
1 1 645 674 1
1 1 645 676 1
1 1 646 685 1
1 1 646 705 1
1 1 647 688 1
1 1 647 701 1
1 1 648 688 1
1 1 648 693 1
1 1 649 697 1
1 1 650 689 1
1 1 650 694 4
1 1 650 696 1
1 1 651 703 1
1 1 652 699 1
1 1 652 709 1
1 1 653 697 1
1 1 653 703 1
1 1 653 704 1
1 1 653 709 2
1 1 653 718 1
1 1 654 713 1
1 1 655 684 1
1 1 655 695 1
1 1 655 702 3
1 1 655 712 1
1 1 656 695 1
1 1 656 696 1
1 1 656 697 1
1 1 656 702 1
1 1 658 692 1
1 1 658 694 1
1 1 658 705 2
1 1 658 708 1
1 1 658 721 1
1 1 659 710 1
1 1 659 720 1
1 1 660 703 1
1 1 663 726 1
1 1 668 809 1
1 1 669 727 1
1 1 672 705 1
1 1 675 731 1
1 1 685 702 1
1 1 689 709 1
1 1 692 741 2
1 1 706 743 1
1 1 707 736 1
1 2 528 659 1
1 2 556 760 1
1 2 560 694 1
1 2 567 711 1
1 2 582 694 1
1 2 598 746 1
1 2 599 668 1
1 2 606 735 1
1 2 609 666 1
1 2 613 677 1
1 2 615 677 1
1 2 615 680 1
1 2 615 681 1
1 2 615 692 1
1 2 615 693 1
1 2 616 695 1
1 2 618 690 1
1 2 619 686 1
1 2 620 672 1
1 2 620 689 1
1 2 620 694 1
1 2 621 701 1
1 2 622 682 2
1 2 623 692 2
1 2 623 700 1
1 2 624 679 1
1 2 624 706 1
1 2 625 680 1
1 2 626 685 2
1 2 626 699 1
1 2 632 695 1
1 2 635 680 1
1 2 635 695 1
1 2 636 677 2
1 2 636 691 1
1 2 638 689 1
1 2 639 683 1
1 2 644 695 1
1 2 648 696 1
1 2 649 694 1
1 2 649 697 1
1 2 650 693 1
1 2 650 694 1
1 2 650 705 1
1 2 651 696 1
1 2 652 696 1
1 2 653 703 1
1 2 653 713 1
1 2 654 708 1
1 2 654 719 1
1 2 655 697 1
1 2 655 702 2
1 2 655 703 1
1 2 657 688 1
1 2 657 712 1
1 2 658 701 1
1 2 660 712 1
1 2 662 724 1
1 2 680 729 1
1 2 761 799 1
1 2 761 812 1
1 3 533 683 1
1 3 540 891 1
1 3 541 891 1
1 3 545 673 1
1 3 555 684 1
1 3 582 694 2
1 3 582 720 1
1 3 586 760 1
1 3 614 676 1
1 3 617 692 1
1 3 619 688 1
1 3 620 697 1
1 3 621 675 1
1 3 623 878 1
1 3 627 675 1
1 3 628 677 1
1 3 633 674 1
1 3 634 675 1
1 3 636 673 1
1 3 636 677 1
1 3 636 706 1
1 3 637 689 1
1 3 638 674 2
1 3 639 676 2
1 3 640 691 1
1 3 641 690 1
1 3 642 694 1
1 3 646 695 1
1 3 647 692 1
1 3 647 696 1
1 3 647 701 1
1 3 649 694 1
1 3 650 694 1
1 3 650 764 1
1 3 652 699 1
1 3 652 705 1
1 3 652 720 1
1 3 654 699 1
1 3 655 696 1
1 3 655 702 1
1 3 660 729 1
1 3 661 714 1
1 3 661 728 1
1 3 665 724 1
1 3 666 717 1
1 3 676 699 1
1 3 678 725 1
1 3 727 736 1
1 3 812 594 1
1 3 937 819 1
1 4 469 729 1
1 4 533 682 1
1 4 541 706 1
1 4 541 891 1
1 4 565 692 1
1 4 565 709 1
1 4 567 694 1
1 4 568 697 1
1 4 568 712 1
1 4 575 747 1
1 4 582 696 1
1 4 586 714 1
1 4 589 502 1
1 4 589 503 1
1 4 592 772 1
1 4 593 754 1
1 4 602 668 1
1 4 605 674 1
1 4 605 729 1
1 4 606 895 1
1 4 609 671 1
1 4 610 690 1
1 4 610 719 1
1 4 612 683 1
1 4 612 691 1
1 4 613 678 1
1 4 614 692 1
1 4 616 671 1
1 4 618 671 1
1 4 618 676 2
1 4 618 699 1
1 4 619 678 1
1 4 620 689 1
1 4 621 674 1
1 4 621 694 1
1 4 622 682 2
1 4 622 705 1
1 4 622 731 1
1 4 627 694 1
1 4 628 682 1
1 4 630 673 1
1 4 631 776 1
1 4 633 642 1
1 4 634 700 1
1 4 635 674 1
1 4 636 677 1
1 4 638 707 1
1 4 638 727 1
1 4 639 690 1
1 4 639 707 1
1 4 640 739 1
1 4 641 690 1
1 4 643 675 1
1 4 644 698 1
1 4 645 698 1
1 4 646 795 1
1 4 647 677 1
1 4 647 708 1
1 4 648 689 1
1 4 649 700 1
1 4 651 681 1
1 4 651 689 1
1 4 651 707 2
1 4 651 714 1
1 4 652 706 1
1 4 652 727 1
1 4 655 702 1
1 4 656 709 1
1 4 658 755 1
1 4 660 694 1
1 4 660 698 1
1 4 662 694 1
1 4 664 723 1
1 4 668 727 1
1 4 676 722 1
1 4 676 767 1
1 4 679 726 1
1 4 679 732 1
1 4 687 714 1
1 4 688 712 1
1 4 690 706 1
1 4 691 746 1
1 4 697 421 1
1 4 702 721 1
1 4 710 727 1
1 4 710 737 2
1 4 735 741 1
1 4 882 920 2
1 5 525 658 1
1 5 527 651 1
1 5 531 682 1
1 5 531 708 1
1 5 539 898 1
1 5 539 899 7
1 5 539 905 1
1 5 540 904 4
1 5 541 891 1
1 5 541 902 1
1 5 541 903 1
1 5 548 744 1
1 5 550 728 1
1 5 563 694 1
1 5 564 865 1
1 5 566 722 1
1 5 566 723 1
1 5 567 735 1
1 5 571 683 1
1 5 572 761 1
1 5 574 694 1
1 5 575 730 1
1 5 580 689 1
1 5 580 731 2
1 5 582 499 1
1 5 582 500 1
1 5 583 692 1
1 5 583 697 1
1 5 584 693 1
1 5 585 721 1
1 5 587 726 1
1 5 589 503 2
1 5 589 687 1
1 5 592 757 1
1 5 594 751 1
1 5 595 758 1
1 5 597 759 1
1 5 602 673 1
1 5 602 674 2
1 5 602 676 1
1 5 602 677 1
1 5 603 675 1
1 5 605 671 1
1 5 607 640 1
1 5 608 674 1
1 5 608 726 1
1 5 609 674 1
1 5 610 669 1
1 5 610 676 1
1 5 610 720 1
1 5 611 679 1
1 5 611 691 1
1 5 611 716 1
1 5 611 732 1
1 5 612 667 1
1 5 613 641 1
1 5 613 717 1
1 5 614 683 1
1 5 614 727 1
1 5 615 696 1
1 5 615 837 1
1 5 616 677 1
1 5 616 683 1
1 5 616 694 1
1 5 617 675 1
1 5 617 684 1
1 5 618 679 1
1 5 618 684 1
1 5 619 691 1
1 5 619 697 1
1 5 619 702 1
1 5 621 734 1
1 5 622 698 1
1 5 622 732 1
1 5 623 683 1
1 5 624 688 1
1 5 624 705 1
1 5 625 678 1
1 5 625 686 1
1 5 625 723 1
1 5 626 678 1
1 5 626 691 1
1 5 627 679 1
1 5 627 685 1
1 5 627 689 1
1 5 628 691 1
1 5 629 672 1
1 5 630 677 1
1 5 630 678 1
1 5 630 694 1
1 5 631 678 1
1 5 631 702 1
1 5 632 673 1
1 5 632 696 1
1 5 634 688 1
1 5 635 702 1
1 5 636 682 1
1 5 636 686 1
1 5 638 675 1
1 5 639 705 1
1 5 639 762 1
1 5 640 689 1
1 5 640 701 1
1 5 641 690 1
1 5 641 694 1
1 5 641 699 1
1 5 643 651 1
1 5 647 677 1
1 5 651 699 1
1 5 652 719 1
1 5 653 699 1
1 5 654 695 1
1 5 654 697 1
1 5 654 706 1
1 5 655 681 1
1 5 655 695 1
1 5 655 703 1
1 5 655 715 1
1 5 656 699 1
1 5 656 705 1
1 5 658 692 2
1 5 658 693 1
1 5 658 717 1
1 5 659 701 1
1 5 659 734 1
1 5 660 709 1
1 5 663 719 1
1 5 663 725 1
1 5 664 696 1
1 5 664 728 1
1 5 667 734 1
1 5 668 725 1
1 5 668 732 1
1 5 669 703 1
1 5 670 705 1
1 5 672 732 1
1 5 673 704 1
1 5 674 698 1
1 5 674 736 1
1 5 676 698 1
1 5 677 726 1
1 5 679 726 1
1 5 679 731 2
1 5 685 713 1
1 5 687 708 1
1 5 695 710 1
1 5 696 742 1
1 5 701 717 1
1 5 701 741 1
1 5 720 739 1
1 5 838 897 1
1 5 880 523 1
1 6 507 644 1
1 6 514 656 1
1 6 525 746 1
1 6 535 720 1
1 6 539 899 7
1 6 539 900 1
1 6 540 904 7
1 6 542 898 1
1 6 543 898 1
1 6 556 683 1
1 6 559 699 1
1 6 561 701 1
1 6 561 705 1
1 6 562 808 1
1 6 563 754 1
1 6 565 708 1
1 6 565 724 1
1 6 566 704 1
1 6 567 705 1
1 6 567 737 1
1 6 568 699 1
1 6 569 718 1
1 6 570 706 1
1 6 570 751 1
1 6 572 686 1
1 6 572 701 1
1 6 572 716 1
1 6 575 677 1
1 6 575 704 1
1 6 575 727 1
1 6 575 735 1
1 6 575 749 1
1 6 576 719 1
1 6 576 724 1
1 6 577 690 2
1 6 577 718 1
1 6 577 745 2
1 6 579 685 1
1 6 579 739 1
1 6 580 692 1
1 6 580 721 1
1 6 580 734 1
1 6 582 682 1
1 6 582 704 2
1 6 582 710 1
1 6 582 743 1
1 6 583 720 1
1 6 583 736 1
1 6 585 503 1
1 6 585 831 1
1 6 586 711 1
1 6 587 682 1
1 6 589 503 3
1 6 589 698 1
1 6 590 697 1
1 6 591 706 1
1 6 591 750 2
1 6 592 686 1
1 6 592 713 1
1 6 594 751 1
1 6 597 670 1
1 6 597 695 1
1 6 597 787 1
1 6 598 739 1
1 6 600 664 2
1 6 600 666 1
1 6 601 674 1
1 6 602 671 1
1 6 602 680 1
1 6 603 725 1
1 6 603 737 1
1 6 604 669 1
1 6 605 676 1
1 6 605 694 1
1 6 605 715 1
1 6 606 671 1
1 6 606 686 1
1 6 606 843 2
1 6 607 713 1
1 6 607 736 1
1 6 608 672 2
1 6 608 702 1
1 6 608 704 1
1 6 608 858 1
1 6 609 670 1
1 6 610 672 1
1 6 610 693 1
1 6 611 667 1
1 6 612 667 1
1 6 612 671 1
1 6 612 677 1
1 6 612 694 1
1 6 613 671 1
1 6 613 695 1
1 6 613 731 1
1 6 614 671 2
1 6 614 676 1
1 6 614 689 1
1 6 614 692 1
1 6 614 718 1
1 6 614 727 1
1 6 615 677 2
1 6 615 679 1
1 6 615 680 1
1 6 615 687 1
1 6 615 694 1
1 6 615 696 1
1 6 616 670 1
1 6 616 694 1
1 6 617 687 1
1 6 617 691 1
1 6 617 704 1
1 6 617 859 1
1 6 618 677 1
1 6 618 690 1
1 6 618 701 1
1 6 618 745 1
1 6 619 688 2
1 6 619 700 1
1 6 619 799 1
1 6 620 687 1
1 6 621 681 1
1 6 621 682 1
1 6 621 689 1
1 6 621 696 1
1 6 622 694 1
1 6 622 701 1
1 6 623 690 1
1 6 623 704 1
1 6 623 730 1
1 6 624 671 1
1 6 624 677 1
1 6 624 703 1
1 6 624 705 1
1 6 625 676 2
1 6 625 707 1
1 6 626 726 1
1 6 627 688 1
1 6 627 698 1
1 6 627 729 1
1 6 628 671 1
1 6 628 676 1
1 6 628 680 1
1 6 628 691 2
1 6 628 695 3
1 6 629 672 1
1 6 629 674 1
1 6 629 689 1
1 6 629 696 1
1 6 629 698 1
1 6 630 677 1
1 6 630 684 1
1 6 631 676 1
1 6 631 680 1
1 6 631 683 1
1 6 631 698 2
1 6 632 672 1
1 6 632 673 1
1 6 632 674 1
1 6 632 687 1
1 6 632 693 1
1 6 632 694 1
1 6 633 644 1
1 6 633 672 1
1 6 633 678 1
1 6 633 683 1
1 6 633 684 2
1 6 633 694 2
1 6 633 698 1
1 6 633 761 1
1 6 636 644 1
1 6 636 677 1
1 6 636 697 1
1 6 636 761 1
1 6 637 651 2
1 6 637 726 1
1 6 638 675 1
1 6 638 682 1
1 6 638 683 1
1 6 638 690 1
1 6 638 696 1
1 6 638 709 1
1 6 639 644 1
1 6 639 677 1
1 6 639 686 1
1 6 640 680 1
1 6 640 690 1
1 6 640 709 1
1 6 641 691 1
1 6 641 695 1
1 6 642 709 1
1 6 642 724 1
1 6 642 760 1
1 6 643 707 1
1 6 645 707 1
1 6 646 700 1
1 6 646 704 1
1 6 646 708 1
1 6 647 677 1
1 6 647 711 1
1 6 647 713 1
1 6 648 683 1
1 6 649 713 1
1 6 651 687 1
1 6 651 695 1
1 6 651 697 1
1 6 651 708 1
1 6 651 716 1
1 6 652 688 1
1 6 652 719 1
1 6 652 720 1
1 6 652 782 1
1 6 653 687 1
1 6 653 692 1
1 6 653 710 1
1 6 653 716 1
1 6 654 685 1
1 6 654 692 1
1 6 654 714 1
1 6 655 380 1
1 6 655 682 1
1 6 655 703 1
1 6 656 698 1
1 6 656 699 1
1 6 657 725 1
1 6 658 688 1
1 6 658 698 1
1 6 658 712 1
1 6 659 717 1
1 6 659 718 1
1 6 659 719 2
1 6 660 718 1
1 6 661 695 1
1 6 662 690 1
1 6 662 693 1
1 6 662 713 1
1 6 662 722 1
1 6 663 693 1
1 6 663 782 1
1 6 664 695 2
1 6 664 726 1
1 6 665 694 1
1 6 665 815 1
1 6 666 721 1
1 6 666 728 1
1 6 667 721 1
1 6 667 723 1
1 6 667 734 1
1 6 668 666 1
1 6 668 700 1
1 6 668 723 1
1 6 669 690 2
1 6 669 692 1
1 6 669 697 1
1 6 669 703 1
1 6 669 718 1
1 6 669 722 1
1 6 669 727 1
1 6 672 692 1
1 6 672 703 1
1 6 672 706 1
1 6 672 725 1
1 6 672 735 1
1 6 673 693 1
1 6 673 697 1
1 6 673 704 1
1 6 673 730 1
1 6 674 729 1
1 6 676 724 1
1 6 677 701 1
1 6 677 704 1
1 6 678 699 1
1 6 678 709 1
1 6 678 731 1
1 6 679 712 1
1 6 681 725 1
1 6 682 728 1
1 6 683 710 1
1 6 685 704 1
1 6 687 705 1
1 6 687 713 1
1 6 688 673 1
1 6 690 705 1
1 6 691 710 1
1 6 691 712 1
1 6 692 708 1
1 6 695 723 1
1 6 696 976 1
1 6 697 729 1
1 6 700 714 1
1 6 703 728 1
1 6 705 730 1
1 6 707 743 1
1 6 709 740 1
1 6 720 737 1
1 6 746 754 1
1 6 766 816 1
1 6 820 796 1
1 7 476 719 1
1 7 492 714 1
1 7 508 725 1
1 7 509 762 1
1 7 513 524 1
1 7 517 648 1
1 7 517 666 1
1 7 528 723 1
1 7 529 723 1
1 7 532 723 1
1 7 533 683 1
1 7 536 892 2
1 7 539 898 1
1 7 539 899 6
1 7 540 904 1
1 7 541 891 1
1 7 541 901 1
1 7 541 903 1
1 7 543 671 1
1 7 555 690 1
1 7 557 736 1
1 7 559 700 1
1 7 561 705 1
1 7 562 705 2
1 7 562 706 1
1 7 563 688 1
1 7 563 730 1
1 7 564 739 1
1 7 565 697 1
1 7 566 694 1
1 7 566 701 1
1 7 567 704 1
1 7 567 708 1
1 7 568 712 1
1 7 569 723 1
1 7 570 739 1
1 7 571 709 1
1 7 571 714 1
1 7 572 708 1
1 7 573 712 1
1 7 574 724 1
1 7 575 709 1
1 7 576 748 1
1 7 577 721 1
1 7 577 731 1
1 7 578 688 1
1 7 578 700 1
1 7 579 679 1
1 7 579 773 1
1 7 580 680 1
1 7 580 697 1
1 7 580 802 1
1 7 581 689 1
1 7 582 499 1
1 7 582 500 1
1 7 582 705 1
1 7 582 706 1
1 7 582 707 1
1 7 582 710 1
1 7 582 725 1
1 7 584 709 1
1 7 584 715 1
1 7 585 697 1
1 7 587 695 1
1 7 587 709 1
1 7 587 734 1
1 7 588 692 1
1 7 588 729 1
1 7 588 750 1
1 7 588 752 1
1 7 589 503 1
1 7 590 687 2
1 7 590 741 1
1 7 592 684 2
1 7 593 687 1
1 7 596 691 1
1 7 596 696 1
1 7 597 687 1
1 7 597 696 1
1 7 598 672 1
1 7 598 694 1
1 7 599 673 1
1 7 599 752 1
1 7 600 664 2
1 7 600 671 1
